MEMORY
  total            15.7 MB
  struct          159.1 KB
  buffer            1.6 MB
  arena            14.0 MB, used 0.7%

SIZES
  narena                14680064
  nbuffer               1631440
  nplugin               0
  maxuse_stack          18720
  maxuse_arena          102472
  maxuse_con            16
  maxuse_efc            61
  ncon                  4
  ne                    0
  nf                    13
  nl                    0
  nefc                  25
  nJ                    475
  nA                    625
  nisland               1
  nidof                 19
  threadpool            0

TIMER
    0:  duration =  0.82       number = 16
    1:  duration =  0.8        number = 16
    2:  duration =  0          number = 0
    3:  duration =  0.43       number = 16
    4:  duration =  0.015      number = 16
    5:  duration =  0.0049     number = 16
    6:  duration =  0.2        number = 16
    7:  duration =  0.011      number = 16
    8:  duration =  0.026      number = 16
    9:  duration =  0.014      number = 16
    10:  duration =  0.29       number = 16
    11:  duration =  0.05       number = 16
    12:  duration =  0.043      number = 16
    13:  duration =  0.032      number = 16
    14:  duration =  0.05       number = 16

SOLVER STAT
  solver_fwdinv =   0         0       
  ISLAND 0
    solver_niter = 8
    solver_nnz = 361
      0:  improvement =  0.21        gradient =  0.11        lineslope =  0       
          nactive = 25   nchange = 1   neval = 3   nupdate = 0
      1:  improvement =  0.045       gradient =  0.055       lineslope =  9.1e-18 
          nactive = 25   nchange = 1   neval = 8   nupdate = 1
      2:  improvement =  0.0022      gradient =  0.0021      lineslope =  0       
          nactive = 25   nchange = 1   neval = 3   nupdate = 1
      3:  improvement =  1.6e-05     gradient =  5e-16       lineslope =  4e-20   
          nactive = 25   nchange = 0   neval = 2   nupdate = 0
      4:  improvement =  1.8         gradient =  0           lineslope =  0       
          nactive = 13   nchange = 2   neval = 0   nupdate = 0
      5:  improvement =  0.00094     gradient =  0           lineslope =  0       
          nactive = 13   nchange = 0   neval = 0   nupdate = 0
      6:  improvement =  9.3e-05     gradient =  0           lineslope =  0       
          nactive = 13   nchange = 0   neval = 0   nupdate = 0
      7:  improvement =  8.3e-06     gradient =  0           lineslope =  0       
          nactive = 13   nchange = 0   neval = 0   nupdate = 0

ENERGY =   0         0       

TIME =  26      

QPOS
   3       
   1.1     
   0.89    
   0.87    
  -0.02    
   0.0086  
   0.49    
  -0.039   
   0.25    
   0.019   
   0.94    
  -0.47    
   0.0088  
  -0.067   
  -0.42    
  -0.18    
  -0.62    
   0.24    
  -0.08    
   0.00057 

QVEL
   0.083   
   0.26    
   0.013   
  -0.28    
   0.028   
   0.052   
   0.16    
   0.53    
  -0.023   
   0.34    
   0.072   
   0.051   
  -0.18    
   0.33    
   0.041   
   0.052   
   0.23    
   0.00037 
   4.6e-05 

QACC_WARMSTART
  -1.5     
  -0.54    
  -0.57    
  -2.4     
   1.7     
  -3.3     
   3.9     
   7       
   2.7     
  -14      
  -3.5     
  -5.3     
  -1.8     
  -5.8     
   1       
  -6.2     
   11      
  -0.078   
  -0.00036 

CTRL
   48      
   52      
   5.6     
  -13      
  -0.74    
   1.7     
   28      
   49      
  -35      
   0.23    
  -7       
  -30      
  -0.33    

QFRC_APPLIED
   0       
   0       
   0       
   0       
   0       
   0       
   0       
   0       
   0       
   0       
   0       
   0       
   0       
   0       
   0       
   0       
   0       
   0       
   0       

XFRC_APPLIED
   0         0         0         0         0         0       
   0         0         0         0         0         0       
   0         0         0         0         0         0       
   0         0         0         0         0         0       
   0         0         0         0         0         0       
   0         0         0         0         0         0       
   0         0         0         0         0         0       
   0         0         0         0         0         0       
   0         0         0         0         0         0       
   0         0         0         0         0         0       
   0         0         0         0         0         0       
   0         0         0         0         0         0       
   0         0         0         0         0         0       
   0         0         0         0         0         0       
   0         0         0         0         0         0       

QACC
  -1.5     
  -0.54    
  -0.57    
  -2.4     
   1.7     
  -3.3     
   3.9     
   7       
   2.7     
  -14      
  -3.5     
  -5.3     
  -1.8     
  -5.8     
   1       
  -6.2     
   11      
  -0.078   
  -0.00036 

SENSOR
   0.87    
  -0.019   
   0.0087  
   0.49    
  -0.27    
   0.026   
   0.055   
  -1.4     
   1.2     
   9.3     

XPOS
   0         0         0       
   3         1.1       0.89    
   3         1.1       0.89    
   2.9       1.2       0.88    
   2.9       1.2       0.68    
   2.9       1.2       0.48    
   2.8       0.98      0.14    
   2.8       1         0.14    
   3         1.1       0.89    
   3         1.1       0.88    
   3.1       1.1       0.7     
   3.1       1.2       0.49    
   3.1       1.1       0.081   
   3.1       1.1       0.081   
   3         1.1       0.98    

XQUAT
   1         0         0         0       
   0.87     -0.019     0.0087    0.49    
   0.87     -0.037    -0.00094   0.49    
   0.86      0.024    -0.11      0.49    
   0.87      0.025    -0.11      0.48    
   0.82     -0.2       0.3       0.44    
   0.87     -0.087     0.096     0.48    
   0.87     -0.083     0.098     0.48    
   0.87      0.0095    0.025     0.49    
   0.86      0.11     -0.16      0.48    
   0.81      0.096    -0.16      0.55    
   0.82     -0.077     0.092     0.55    
   0.83     -0.01     -0.0076    0.56    
   0.83     -0.043    -0.03      0.56    
   0.87     -0.019     0.0087    0.49    

XMAT
   1         0         0         0         1         0         0         0         1       
   0.52     -0.85     -0.004     0.85      0.52      0.042    -0.034    -0.025     1       
   0.52     -0.85     -0.038     0.85      0.52      0.063    -0.034    -0.065     1       
   0.49     -0.85     -0.16      0.84      0.52     -0.15      0.21     -0.065     0.98    
   0.51     -0.84     -0.16      0.83      0.53     -0.15      0.21     -0.061     0.98    
   0.43     -0.84      0.31      0.61      0.53      0.58     -0.66     -0.061     0.75    
   0.53     -0.84      0.084     0.81      0.53      0.24     -0.25     -0.061     0.97    
   0.53     -0.84      0.091     0.81      0.53      0.24     -0.25     -0.052     0.97    
   0.52     -0.85      0.053     0.85      0.52      0.0079   -0.034     0.041     1       
   0.5      -0.85     -0.16      0.78      0.52     -0.34      0.37      0.041     0.93    
   0.34     -0.93     -0.16      0.86      0.37     -0.34      0.37     -0.025     0.93    
   0.37     -0.93      0.065     0.9       0.37      0.23     -0.24     -0.025     0.97    
   0.37     -0.93     -0.024     0.93      0.37      0.0084    0.0012   -0.025     1       
   0.37     -0.92     -0.098     0.93      0.37      0.038     0.0012   -0.11      0.99    
   0.52     -0.86     -0.004     0.85      0.52      0.042    -0.034    -0.025     1       

XIPOS
   0         0         0       
   3         1.1       0.91    
   2.9       1.1       0.88    
   2.9       1.2       0.81    
   2.9       1.2       0.59    
   2.9       1.1       0.32    
   2.8       0.99      0.14    
   2.8       1         0.067   
   3         1.1       0.89    
   3.1       1.1       0.82    
   3.1       1.2       0.61    
   3.1       1.2       0.32    
   3.1       1.1       0.08    
   3.1       1.1       0.019   
   3         1.1       1.2     

XIMAT
   1         0         0         0         1         0         0         0         1       
  -0.86     -0.05      0.51      0.52     -0.027     0.86     -0.029     1         0.049   
   0.63     -0.045     0.77      0.77      0.094    -0.63     -0.044     0.99      0.094   
  -0.85     -0.47     -0.24      0.51     -0.85     -0.12     -0.15     -0.23      0.96    
  -0.86     -0.51     -0.031     0.51     -0.86      0.047    -0.05      0.025     1       
  -0.86     -0.4       0.32      0.51     -0.6       0.61     -0.056     0.69      0.72    
   0.084    -0.53      0.84      0.24     -0.81     -0.53      0.97      0.25      0.061   
   0.11      0.84      0.52      0.27     -0.53      0.8       0.95      0.052    -0.29    
   0.66      0.076     0.75      0.75     -0.0053   -0.66     -0.046     1        -0.06    
  -0.85     -0.51     -0.1       0.51     -0.77     -0.39      0.12     -0.39      0.91    
  -0.91     -0.4      -0.089     0.41     -0.9      -0.12     -0.031    -0.15      0.99    
  -0.91     -0.39      0.094     0.4      -0.88      0.26     -0.021     0.28      0.96    
  -0.024    -0.37      0.93      0.0084   -0.93     -0.37      1        -0.0012    0.025   
  -0.081     0.92      0.38      0.079    -0.37      0.93      0.99      0.11     -0.043   
   0.53     -0.85     -0.012     0.85      0.53      0.031    -0.02     -0.026     1       

XANCHOR
   3         1.1       0.89    
   3         1.1       0.89    
   2.9       1.2       0.88    
   2.9       1.2       0.68    
   2.9       1.2       0.48    
   2.8       0.98      0.14    
   2.8       1         0.14    
   3         1.1       0.89    
   3         1.1       0.88    
   3.1       1.1       0.7     
   3.1       1.2       0.49    
   3.1       1.1       0.081   
   3.1       1.1       0.081   
   3         1.1       0.98    

XAXIS
   0         0         1       
   0.52      0.85     -0.034   
   0.85     -0.52      0.065   
   0.16      0.15     -0.98    
  -0.84      0.53     -0.061   
  -0.84      0.53     -0.061   
   0.53      0.81     -0.25    
  -0.52     -0.85      0.034   
  -0.85      0.52      0.041   
   0.16      0.34     -0.93    
   0.93     -0.37      0.025   
   0.93     -0.37      0.025   
   0.37      0.93      0.0012  
  -0.004     0.042     1       

GEOM_XPOS
   0         0         0       
   3         1.1       0.9     
   3         1.1       0.89    
   2.9       1.1       0.88    
   2.9       1.1       0.88    
   2.9       1.2       0.82    
   2.9       1.2       0.82    
   2.9       1.2       0.59    
   2.9       1.2       0.6     
   2.9       1.1       0.32    
   2.9       1.2       0.35    
   2.8       1         0.21    
   2.8       0.99      0.14    
   2.8       0.99      0.14    
   2.8       1         0.071   
   2.8       1.1       0.048   
   2.8       0.96      0.08    
   3         1.1       0.89    
   3.1       1.1       0.83    
   3.1       1.1       0.83    
   3.1       1.2       0.61    
   3.1       1.2       0.62    
   3.1       1.2       0.32    
   3.1       1.2       0.37    
   3.1       1.1       0.17    
   3.1       1.1       0.08    
   3.1       1.1       0.08    
   3.1       1.1       0.022   
   3.2       1.2       0.015   
   3.1       1.1       0.015   
   3         1.1       1.2     
   3         1.1       1       
   3         1.1       1.3     

GEOM_XMAT
   1         0         0         0         1         0         0         0         1       
  -0.86     -0.03      0.52      0.52      0.0099    0.86     -0.03      1         0.0067  
   0.004    -0.85      0.52     -0.042     0.52      0.85     -1        -0.025    -0.034   
   0.62     -0.035     0.79      0.79      0.083    -0.61     -0.044     1         0.078   
   0.62     -0.035     0.79      0.79      0.083    -0.61     -0.044     1         0.078   
  -0.84     -0.46     -0.28      0.51     -0.84     -0.16     -0.16     -0.28      0.95    
   0.49     -0.85     -0.16      0.84      0.52     -0.15      0.21     -0.065     0.98    
  -0.86     -0.51     -0.077     0.51     -0.86     -0.017    -0.057    -0.054     1       
   0.51     -0.84     -0.16      0.83      0.53     -0.15      0.21     -0.061     0.98    
  -0.83     -0.46      0.33      0.56     -0.56      0.61     -0.093     0.69      0.72    
   0.43     -0.84      0.31      0.61      0.53      0.58     -0.66     -0.061     0.75    
   0.43     -0.84      0.31      0.61      0.53      0.58     -0.66     -0.061     0.75    
   0.083    -0.53      0.84      0.24     -0.81     -0.53      0.97      0.25      0.061   
   0.083    -0.53      0.84      0.24     -0.81     -0.53      0.97      0.25      0.061   
   0.13      0.84      0.52      0.3      -0.53      0.79      0.94      0.052    -0.33    
   0.53     -0.84      0.091     0.81      0.53      0.24     -0.25     -0.052     0.97    
   0.53     -0.84      0.091     0.81      0.53      0.24     -0.25     -0.052     0.97    
   0.65      0.07      0.76      0.76      0.011    -0.65     -0.053     1        -0.046   
  -0.86     -0.5      -0.11      0.5      -0.75     -0.44      0.14     -0.44      0.89    
   0.5      -0.85     -0.16      0.78      0.52     -0.34      0.37      0.041     0.93    
  -0.91     -0.39     -0.12      0.4      -0.89     -0.2      -0.027    -0.23      0.97    
   0.34     -0.93     -0.16      0.86      0.37     -0.34      0.37     -0.025     0.93    
  -0.94     -0.33      0.085     0.34     -0.9       0.27     -0.013     0.29      0.96    
   0.37     -0.93      0.065     0.9       0.37      0.23     -0.24     -0.025     0.97    
   0.37     -0.93      0.065     0.9       0.37      0.23     -0.24     -0.025     0.97    
  -0.024    -0.37      0.93      0.0079   -0.93     -0.37      1        -0.0017    0.025   
  -0.024    -0.37      0.93      0.0079   -0.93     -0.37      1        -0.0017    0.025   
  -0.068     0.92      0.38      0.11     -0.37      0.92      0.99      0.11     -0.079   
   0.37     -0.92     -0.098     0.93      0.37      0.038     0.0012   -0.11      0.99    
   0.37     -0.92     -0.098     0.93      0.37      0.038     0.0012   -0.11      0.99    
   0.52     -0.86     -0.011     0.86      0.52      0.03     -0.02     -0.025     1       
   0.52     -0.86     -0.004     0.85      0.52      0.042    -0.034    -0.025     1       
   0.52     -0.86     -0.004     0.85      0.52      0.042    -0.034    -0.025     1       

SITE_XPOS
   2.9       1.1       0.96    

SITE_XMAT
   0.52     -0.85     -0.004     0.85      0.52      0.042    -0.034    -0.025     1       

LIGHT_XPOS
   0         0         10      
   10        0         0       

LIGHT_XDIR
   0         0        -1       
  -1         0         0       

SUBTREE_COM
   3         1.1       0.65    
   3         1.1       0.65    
   2.9       1.2       0.52    
   2.9       1.2       0.5     
   2.9       1.2       0.37    
   2.9       1.1       0.26    
   2.8       1         0.072   
   2.8       1         0.067   
   3.1       1.1       0.53    
   3.1       1.1       0.51    
   3.1       1.2       0.37    
   3.1       1.2       0.25    
   3.1       1.1       0.023   
   3.1       1.1       0.019   
   3         1.1       1.2     

CDOF
   0         0         0         1         0         0       
   0         0         0         0         1         0       
   0         0         0         0         0         1       
   0.52      0.85     -0.034    -0.2       0.12     -0.0052  
  -0.85      0.52     -0.025    -0.12     -0.21     -0.032   
  -0.004     0.042     1        -0.035     0.02     -0.001   
   0.52      0.85     -0.034    -0.2       0.12     -0.0052  
   0.85     -0.52      0.065     0.12      0.21      0.032   
   0.16      0.15     -0.98     -0.07     -0.083    -0.024   
  -0.84      0.53     -0.061     0.086     0.14      0.008   
  -0.84      0.53     -0.061     0.28      0.42     -0.23    
   0.53      0.81     -0.25      0.45     -0.32     -0.075   
  -0.52     -0.85      0.034     0.2      -0.12      0.0052  
  -0.85      0.52      0.041    -0.13     -0.2      -0.032   
   0.16      0.34     -0.93      0.0018    0.11      0.042   
   0.93     -0.37      0.025    -0.057    -0.15     -0.059   
   0.93     -0.37      0.025    -0.21     -0.53     -0.0032  
   0.37      0.93      0.0012    0.53     -0.21      0.13    
  -0.004     0.042     1        -0.035     0.02     -0.001   

CINERT
   0         0         0         0         0         0         0         0         0         0       
   0.41      0.4       0.031    -0.0077    0.03      0.032    -0.11     -0.13      1.4       5.5     
   0.072     0.078     0.0071    0.00023   0.019     0.00067  -0.082    -0.0027    0.3       1.3     
   0.27      0.34      0.14      0.039     0.14     -0.059    -0.8       0.37      1.1       6.9     
   0.089     0.077     0.084     0.028    -0.018     0.022    -0.35      0.42     -0.26      4.9     
   1         1.1       0.17     -0.026    -0.32     -0.059    -0.88     -0.024    -2.7       8.2     
   0.046     0.048     0.01     -0.0049   -0.016    -0.013    -0.031    -0.025    -0.082     0.16    
   0.84      0.86      0.12     -0.057    -0.23     -0.17     -0.4      -0.3      -1.4       2.3     
   0.071     0.068     0.0048    0.0015   -0.0052    0.013     0.022    -0.056     0.28      1.2     
   0.3       0.33      0.13      0.04     -0.12      0.087     0.69     -0.44      1.2       6.9     
   0.048     0.13      0.11     -0.014     0.024     0.0049    0.64      0.094    -0.18      5       
   0.99      1.1       0.19     -0.031     0.36      0.036     1.1       0.2      -2.6       8       
   0.052     0.054     0.0028    0.00091   0.011    -0.0042    0.02     -0.0074   -0.092     0.16    
   0.93      0.98      0.065    -0.0031    0.22     -0.0017    0.34     -0.0035   -1.5       2.3     
   2.7       2.8       0.06      0.0028    0.11      0.049    -0.18     -0.093     4.4       7.6     

ACTUATOR_LENGTH
  -0.039   
   0.25    
   0.019   
   0.94    
  -0.47    
   0.0088  
  -0.067   
  -0.42    
  -0.18    
  -0.62    
   0.24    
  -0.08    
   0.00057 

actuator_moment
---------------------
       x             |
        x            |
         x           |
          x          |
           x         |
            x        |
             x       |
              x      |
               x     |
                x    |
                 x   |
                  x  |
                   x |
---------------------

ACTUATOR_MOMENT
     6:  1       
     7:  1       
     8:  1       
     9:  1       
    10:  1       
    11:  1       
    12:  1       
    13:  1       
    14:  1       
    15:  1       
    16:  1       
    17:  1       
    18:  1       

CRB
   0         0         0         0         0         0         0         0         0         0       
   7.9       8.3       1.1      -0.031     0.2      -0.064     4.9e-15  -1.7e-16   4.4e-16   60      
   2.3       2.5       0.53     -0.02     -0.42     -0.28     -2.5       0.44     -3         24      
   2.3       2.4       0.53     -0.02     -0.44     -0.28     -2.5       0.44     -3.3       22      
   2         2.1       0.38     -0.06     -0.58     -0.22     -1.7       0.065    -4.4       16      
   1.9       2         0.3      -0.088    -0.56     -0.24     -1.3      -0.35     -4.1       11      
   0.88      0.91      0.13     -0.061    -0.25     -0.19     -0.43     -0.33     -1.4       2.5     
   0.84      0.86      0.12     -0.057    -0.23     -0.17     -0.4      -0.3      -1.4       2.3     
   2.4       2.7       0.5      -0.0056    0.49      0.14      2.8      -0.22     -2.9       23      
   2.3       2.6       0.49     -0.007     0.49      0.12      2.8      -0.16     -3.2       22      
   2         2.3       0.36     -0.047     0.61      0.035     2.1       0.28     -4.4       15      
   2         2.2       0.26     -0.033     0.58      0.031     1.5       0.19     -4.2       10      
   0.99      1         0.067    -0.0022    0.23     -0.0059    0.36     -0.011    -1.6       2.5     
   0.93      0.98      0.065    -0.0031    0.22     -0.0017    0.34     -0.0035   -1.5       2.3     
   2.7       2.8       0.06      0.0028    0.11      0.049    -0.18     -0.093     4.4       7.6     

QM
   60      
   0         60      
   0         0         60      
  -12        7.4      -0.31      12      
  -7.4      -12       -1.9       0.21      12      
  -2.1       1.2      -0.06      0.88     -0.0073    1.2     
  -7.3       4.5       2.3       5.2      -0.02     -0.25      6.1     
   4.4       7.2      -0.17      0.01     -5        -0.84      0.01      5.4     
  -1.7       1        -0.12      1.4      -0.028    -0.25      1.4       0.018     0.64    
  -1.3      -1.9       1.1       0.15      1.8       0.22      0.15     -1.8       0.00075   1.4     
  -0.087    -0.15     -0.076    -0.0075    0.14      0.016    -0.0075   -0.14     -0.00037   0.067     0.16    
  -0.12      0.078    -0.0076    0.12     -0.003    -0.021     0.12      0.0022    0.05      0.00012  -6.9e-05   0.15    
   7.3      -4.3       2.7      -5.3      -0.23     -1.1                                                                   6.3     
  -4.4      -7.1      -2         0.31      5.3      -0.82                                                                 -0.31      5.6     
  -1.2       0.49     -0.029     0.98      0.16      0.091                                                                -0.98      0.17      0.36    
   0.96      2.4       0.1       0.3      -2         0.32                                                                 -0.3      -1.9      -0.0037    1.4     
   0.051     0.14      0.12      0.0091   -0.15      0.018                                                                -0.0091   -0.15     -0.0011    0.082     0.16    
  -0.13      0.054    -0.015     0.13      0.022     0.018                                                                -0.13      0.023     0.033     3.4e-05  -0.00062   0.15    
   0.014    -0.01      0.00049   0.0079   -0.00061   0.055                                                                                                                             0.21    

M
     0:  60      
     0:  0          1:  60      
     0:  0          1:  0          2:  60      
     0: -12         1:  7.4        2: -0.31       3:  12      
     0: -7.4        1: -12         2: -1.9        3:  0.21       4:  12      
     0: -2.1        1:  1.2        2: -0.06       3:  0.88       4: -0.0073     5:  1.2     
     0: -7.3        1:  4.5        2:  2.3        3:  5.2        4: -0.02       5: -0.25       6:  6.1     
     0:  4.4        1:  7.2        2: -0.17       3:  0.01       4: -5          5: -0.84       6:  0.01       7:  5.4     
     0: -1.7        1:  1          2: -0.12       3:  1.4        4: -0.028      5: -0.25       6:  1.4        7:  0.018      8:  0.64    
     0: -1.3        1: -1.9        2:  1.1        3:  0.15       4:  1.8        5:  0.22       6:  0.15       7: -1.8        8:  0.00075    9:  1.4     
     0: -0.087      1: -0.15       2: -0.076      3: -0.0075     4:  0.14       5:  0.016      6: -0.0075     7: -0.14       8: -0.00037    9:  0.067     10:  0.16    
     0: -0.12       1:  0.078      2: -0.0076     3:  0.12       4: -0.003      5: -0.021      6:  0.12       7:  0.0022     8:  0.05       9:  0.00012   10: -6.9e-05   11:  0.15    
     0:  7.3        1: -4.3        2:  2.7        3: -5.3        4: -0.23       5: -1.1       12:  6.3     
     0: -4.4        1: -7.1        2: -2          3:  0.31       4:  5.3        5: -0.82      12: -0.31      13:  5.6     
     0: -1.2        1:  0.49       2: -0.029      3:  0.98       4:  0.16       5:  0.091     12: -0.98      13:  0.17      14:  0.36    
     0:  0.96       1:  2.4        2:  0.1        3:  0.3        4: -2          5:  0.32      12: -0.3       13: -1.9       14: -0.0037    15:  1.4     
     0:  0.051      1:  0.14       2:  0.12       3:  0.0091     4: -0.15       5:  0.018     12: -0.0091    13: -0.15      14: -0.0011    15:  0.082     16:  0.16    
     0: -0.13       1:  0.054      2: -0.015      3:  0.13       4:  0.022      5:  0.018     12: -0.13      13:  0.023     14:  0.033     15:  3.4e-05   16: -0.00062   17:  0.15    
     0:  0.014      1: -0.01       2:  0.00049    3:  0.0079     4: -0.00061    5:  0.055     18:  0.21    

QLD
     0:  34      
     0: -0.016      1:  33      
     0: -0.038      1: -0.045      2:  54      
     0:  0.27       1: -0.11       2:  0.066      3:  2.3     
     0:  0.39       1:  0.6        2: -0.25       3: -0.0036     4:  1.8     
     0: -1.7        1:  1          2: -0.0039     3:  0.56       4: -0.0079     5:  0.59    
     0: -1.2        1:  0.74       2:  0.78       3:  0.68       4: -0.0029     5:  0.1        6:  3       
     0:  0.91       1:  1.6        2:  0.4        3:  0.055      4: -0.88       5: -0.18       6:  0.055      7:  3       
     0: -2.6        1:  1.6        2: -0.19       3:  2.2        4: -0.044      5: -0.38       6:  2.2        7:  0.029      8:  0.63    
     0: -0.93       1: -1.4        2:  0.81       3:  0.11       4:  1.3        5:  0.16       6:  0.11       7: -1.3        8:  0.00062    9:  1.4     
     0: -0.53       1: -0.89       2: -0.46       3: -0.045      4:  0.85       5:  0.096      6: -0.045      7: -0.85       8: -0.0021     9:  0.41      10:  0.16    
     0: -0.83       1:  0.53       2: -0.051      3:  0.83       4: -0.02       5: -0.14       6:  0.83       7:  0.015      8:  0.34       9:  0.00083   10: -0.00046   11:  0.15    
     0:  1.1        1: -0.81       2:  0.7        3: -0.72       4:  0.0063     5: -0.24      12:  3.5     
     0: -0.9        1: -1.4        2: -0.64       3:  0.09       4:  0.88       5: -0.15      12: -0.09      13:  2.9     
     0: -3.3        1:  1.4        2: -0.07       3:  2.7        4:  0.43       5:  0.25      12: -2.7       13:  0.45      14:  0.35    
     0:  0.68       1:  1.7        2:  0.034      3:  0.21       4: -1.4        5:  0.23      12: -0.21      13: -1.3       14: -0.0024    15:  1.4     
     0:  0.31       1:  0.83       2:  0.71       3:  0.059      4: -0.91       5:  0.11      12: -0.059     13: -0.9       14: -0.0056    15:  0.5       16:  0.16    
     0: -0.91       1:  0.37       2: -0.1        3:  0.87       4:  0.15       5:  0.12      12: -0.87      13:  0.16      14:  0.23      15:  0.00023   16: -0.0042    17:  0.15    
     0:  0.064      1: -0.047      2:  0.0023     3:  0.037      4: -0.0028     5:  0.26      18:  0.21    

QLDIAGINV
   0.029   
   0.03    
   0.019   
   0.44    
   0.56    
   1.7     
   0.33    
   0.33    
   1.6     
   0.73    
   6.1     
   6.8     
   0.29    
   0.35    
   2.8     
   0.73    
   6.1     
   6.8     
   4.7     

M: inertia structure
---------------------
 x                   |
 xx                  |
 xxx                 |
 xxxx                |
 xxxxx               |
 xxxxxx              |
 xxxxxxx             |
 xxxxxxxx            |
 xxxxxxxxx           |
 xxxxxxxxxx          |
 xxxxxxxxxxx         |
 xxxxxxxxxxxx        |
 xxxxxx      x       |
 xxxxxx      xx      |
 xxxxxx      xxx     |
 xxxxxx      xxxx    |
 xxxxxx      xxxxx   |
 xxxxxx      xxxxxx  |
 xxxxxx            x |
---------------------

iM: block-diagonal inertia (nnzs are island ids)
---------------------
 0                   |
 00                  |
 000                 |
 0000                |
 00000               |
 000000              |
 0000000             |
 00000000            |
 000000000           |
 0000000000          |
 00000000000         |
 000000000000        |
 000000      0       |
 000000      00      |
 000000      000     |
 000000      0000    |
 000000      00000   |
 000000      000000  |
 000000            0 |
---------------------

QH
     0:  34      
     0: -0.015      1:  33      
     0: -0.038      1: -0.045      2:  54      
     0:  0.27       1: -0.11       2:  0.066      3:  2.3     
     0:  0.39       1:  0.59       2: -0.25       3: -0.0036     4:  1.8     
     0: -1.7        1:  1          2: -0.0036     3:  0.56       4: -0.0078     5:  0.6     
     0: -1.2        1:  0.74       2:  0.78       3:  0.68       4: -0.0029     5:  0.099      6:  3       
     0:  0.91       1:  1.6        2:  0.4        3:  0.055      4: -0.88       5: -0.18       6:  0.055      7:  3       
     0: -2.6        1:  1.6        2: -0.19       3:  2.2        4: -0.044      5: -0.38       6:  2.2        7:  0.029      8:  0.63    
     0: -0.93       1: -1.4        2:  0.81       3:  0.11       4:  1.3        5:  0.16       6:  0.11       7: -1.3        8:  0.00062    9:  1.4     
     0: -0.53       1: -0.89       2: -0.46       3: -0.045      4:  0.85       5:  0.095      6: -0.045      7: -0.84       8: -0.0021     9:  0.41      10:  0.17    
     0: -0.83       1:  0.52       2: -0.051      3:  0.82       4: -0.02       5: -0.14       6:  0.82       7:  0.015      8:  0.33       9:  0.00083   10: -0.00046   11:  0.15    
     0:  1.1        1: -0.81       2:  0.69       3: -0.72       4:  0.0062     5: -0.24      12:  3.5     
     0: -0.9        1: -1.4        2: -0.64       3:  0.09       4:  0.88       5: -0.15      12: -0.09      13:  2.9     
     0: -3.3        1:  1.4        2: -0.069      3:  2.7        4:  0.43       5:  0.25      12: -2.7       13:  0.45      14:  0.35    
     0:  0.68       1:  1.7        2:  0.034      3:  0.21       4: -1.4        5:  0.23      12: -0.21      13: -1.3       14: -0.0024    15:  1.4     
     0:  0.31       1:  0.83       2:  0.71       3:  0.058      4: -0.91       5:  0.11      12: -0.058     13: -0.9       14: -0.0056    15:  0.49      16:  0.17    
     0: -0.9        1:  0.36       2: -0.1        3:  0.86       4:  0.15       5:  0.12      12: -0.86      13:  0.16      14:  0.22      15:  0.00023   16: -0.0042    17:  0.15    
     0:  0.064      1: -0.047      2:  0.0022     3:  0.036      4: -0.0028     5:  0.25      18:  0.22    

QHDIAGINV
   0.029   
   0.03    
   0.019   
   0.44    
   0.56    
   1.7     
   0.33    
   0.33    
   1.6     
   0.73    
   6.1     
   6.7     
   0.29    
   0.35    
   2.8     
   0.73    
   6.1     
   6.7     
   4.6     

CONTACT
  0:
     dim           3
     geoms         ground : 28
     exclude       0
     efc_address   13
     solref         0.02      1       
     solimp         0.9       0.95      0.001     0.5       2       
     dist          -0.00057 
     includemargin  0       
     pos            3.1       1.1      -0.00029 
     frame          0         0         1         0         1         0        -1         0         0       
     friction       1         1         0.005     0.0001    0.0001  
     mu             1       
     force          1.5e+02   20        22        0         0         0       
  1:
     dim           3
     geoms         ground : 28
     exclude       0
     efc_address   16
     solref         0.02      1       
     solimp         0.9       0.95      0.001     0.5       2       
     dist          -0.00034 
     includemargin  0       
     pos            3.2       1.3      -0.00017 
     frame          0         0         1         0         1         0        -1         0         0       
     friction       1         1         0.005     0.0001    0.0001  
     mu             1       
     force          71       -14       -55        0         0         0       
  2:
     dim           3
     geoms         ground : 29
     exclude       0
     efc_address   19
     solref         0.02      1       
     solimp         0.9       0.95      0.001     0.5       2       
     dist          -0.00064 
     includemargin  0       
     pos            3.1       1.1      -0.00032 
     frame          0         0         1         0         1         0        -1         0         0       
     friction       1         1         0.005     0.0001    0.0001  
     mu             1       
     force          1.8e+02   34        55        0         0         0       
  3:
     dim           3
     geoms         ground : 29
     exclude       0
     efc_address   22
     solref         0.02      1       
     solimp         0.9       0.95      0.001     0.5       2       
     dist          -0.00057 
     includemargin  0       
     pos            3.1       1.1      -0.00029 
     frame          0         0         1         0         1         0        -1         0         0       
     friction       1         1         0.005     0.0001    0.0001  
     mu             1       
     force          1.5e+02   19        21        0         0         0       

EFC_TYPE
  1
  1
  1
  1
  1
  1
  1
  1
  1
  1
  1
  1
  1
  7
  7
  7
  7
  7
  7
  7
  7
  7
  7
  7
  7

EFC_ID
  6
  7
  8
  9
  10
  11
  12
  13
  14
  15
  16
  17
  18
  0
  0
  0
  1
  1
  1
  2
  2
  2
  3
  3
  3

EFC_J
   0         0         0         0         0         0         1         0         0         0         0         0         0         0         0         0         0         0         0       
   0         0         0         0         0         0         0         1         0         0         0         0         0         0         0         0         0         0         0       
   0         0         0         0         0         0         0         0         1         0         0         0         0         0         0         0         0         0         0       
   0         0         0         0         0         0         0         0         0         1         0         0         0         0         0         0         0         0         0       
   0         0         0         0         0         0         0         0         0         0         1         0         0         0         0         0         0         0         0       
   0         0         0         0         0         0         0         0         0         0         0         1         0         0         0         0         0         0         0       
   0         0         0         0         0         0         0         0         0         0         0         0         1         0         0         0         0         0         0       
   0         0         0         0         0         0         0         0         0         0         0         0         0         1         0         0         0         0         0       
   0         0         0         0         0         0         0         0         0         0         0         0         0         0         1         0         0         0         0       
   0         0         0         0         0         0         0         0         0         0         0         0         0         0         0         1         0         0         0       
   0         0         0         0         0         0         0         0         0         0         0         0         0         0         0         0         1         0         0       
   0         0         0         0         0         0         0         0         0         0         0         0         0         0         0         0         0         1         0       
   0         0         0         0         0         0         0         0         0         0         0         0         0         0         0         0         0         0         1       
   0         0         1        -0.09     -0.061    -0.0046    0         0         0         0         0         0         0.09     -0.061     0.0089   -0.045     0.011     0.042     0       
   0         1         0         0.46     -0.76      0.11      0         0         0         0         0         0        -0.46     -0.75      0.14      0.46      0.075     0.03      0       
  -1         0         0         0.76      0.46      0.043     0         0         0         0         0         0        -0.76      0.46      0.24     -0.19     -0.03      0.076     0       
   0         0         1        -0.058    -0.26     -0.0085    0         0         0         0         0         0         0.058    -0.26      0.014     0.15      0.21      0.042     0       
   0         1         0         0.45     -0.76      0.18      0         0         0         0         0         0        -0.45     -0.75      0.068     0.46      0.077     0.03      0       
  -1         0         0         0.75      0.46      0.23      0         0         0         0         0         0        -0.75      0.47      0.064    -0.18     -0.025     0.076     0       
   0         0         1        -0.1      -0.0015   -0.0035    0         0         0         0         0         0         0.1      -0.0017    0.0075   -0.1      -0.049     0.042     0       
   0         1         0         0.46     -0.76      0.083     0         0         0         0         0         0        -0.46     -0.75      0.16      0.46      0.074     0.03      0       
  -1         0         0         0.76      0.46     -0.013     0         0         0         0         0         0        -0.76      0.46      0.29     -0.19     -0.031     0.076     0       
   0         0         1        -0.09     -0.061    -0.0046    0         0         0         0         0         0         0.09     -0.061     0.0089   -0.045     0.011     0.042     0       
   0         1         0         0.46     -0.76      0.11      0         0         0         0         0         0        -0.46     -0.75      0.14      0.46      0.075     0.03      0       
  -1         0         0         0.76      0.46      0.043     0         0         0         0         0         0        -0.76      0.46      0.24     -0.19     -0.03      0.076     0       

IEFC_J
   0         0         0         0         0         0         1         0         0         0         0         0         0         0         0         0         0         0         0       
   0         0         0         0         0         0         0         1         0         0         0         0         0         0         0         0         0         0         0       
   0         0         0         0         0         0         0         0         1         0         0         0         0         0         0         0         0         0         0       
   0         0         0         0         0         0         0         0         0         1         0         0         0         0         0         0         0         0         0       
   0         0         0         0         0         0         0         0         0         0         1         0         0         0         0         0         0         0         0       
   0         0         0         0         0         0         0         0         0         0         0         1         0         0         0         0         0         0         0       
   0         0         0         0         0         0         0         0         0         0         0         0         1         0         0         0         0         0         0       
   0         0         0         0         0         0         0         0         0         0         0         0         0         1         0         0         0         0         0       
   0         0         0         0         0         0         0         0         0         0         0         0         0         0         1         0         0         0         0       
   0         0         0         0         0         0         0         0         0         0         0         0         0         0         0         1         0         0         0       
   0         0         0         0         0         0         0         0         0         0         0         0         0         0         0         0         1         0         0       
   0         0         0         0         0         0         0         0         0         0         0         0         0         0         0         0         0         1         0       
   0         0         0         0         0         0         0         0         0         0         0         0         0         0         0         0         0         0         1       
   0         0         1        -0.09     -0.061    -0.0046    0         0         0         0         0         0         0.09     -0.061     0.0089   -0.045     0.011     0.042     0       
   0         1         0         0.46     -0.76      0.11      0         0         0         0         0         0        -0.46     -0.75      0.14      0.46      0.075     0.03      0       
  -1         0         0         0.76      0.46      0.043     0         0         0         0         0         0        -0.76      0.46      0.24     -0.19     -0.03      0.076     0       
   0         0         1        -0.058    -0.26     -0.0085    0         0         0         0         0         0         0.058    -0.26      0.014     0.15      0.21      0.042     0       
   0         1         0         0.45     -0.76      0.18      0         0         0         0         0         0        -0.45     -0.75      0.068     0.46      0.077     0.03      0       
  -1         0         0         0.75      0.46      0.23      0         0         0         0         0         0        -0.75      0.47      0.064    -0.18     -0.025     0.076     0       
   0         0         1        -0.1      -0.0015   -0.0035    0         0         0         0         0         0         0.1      -0.0017    0.0075   -0.1      -0.049     0.042     0       
   0         1         0         0.46     -0.76      0.083     0         0         0         0         0         0        -0.46     -0.75      0.16      0.46      0.074     0.03      0       
  -1         0         0         0.76      0.46     -0.013     0         0         0         0         0         0        -0.76      0.46      0.29     -0.19     -0.031     0.076     0       
   0         0         1        -0.09     -0.061    -0.0046    0         0         0         0         0         0         0.09     -0.061     0.0089   -0.045     0.011     0.042     0       
   0         1         0         0.46     -0.76      0.11      0         0         0         0         0         0        -0.46     -0.75      0.14      0.46      0.075     0.03      0       
  -1         0         0         0.76      0.46      0.043     0         0         0         0         0         0        -0.76      0.46      0.24     -0.19     -0.03      0.076     0       

EFC_AR
   0.64      0.002    -0.51     -0.026     0.013    -0.029    -0.24      0.0097    0.25      0.017     0.01      0.013    -0.012    -0.0075    0.0023   -0.0082   -0.004    -0.0095   -0.037    -0.0086    0.0058    0.00054  -0.0075    0.0023   -0.0082  
   0.002     1.1       0.27      0.44      0.1       0.0071    0.03     -0.55      0.13      0.078    -0.00026  -0.0018   -0.091    -0.0032   -0.016    -0.0013    0.0093   -0.00073   0.038    -0.007    -0.021    -0.013    -0.0032   -0.016    -0.0013  
  -0.51      0.27      5.3       0.22     -0.0081   -0.43     -0.1       0.26      0.69      0.14      0.024     0.0043   -0.33      0.048    -0.086     0.0012    0.014    -0.032     0.14      0.059    -0.1      -0.04      0.048    -0.086     0.0012  
  -0.026     0.44      0.22      1.5      -0.17      0.006     0.023     0.06      0.15     -0.023     0.0083    0.0046   -0.047    -0.014    -0.002    -0.0081   -0.015     0.0023    0.0027   -0.014    -0.0033   -0.011    -0.014    -0.002    -0.0081  
   0.013     0.1      -0.0081   -0.17      7        -0.00012  -0.0011    0.019    -0.013     0.003    -0.0068   -0.0025   -0.011     0.0098   -0.0028    0.0023    0.0084    0.0011    0.012     0.01     -0.0039   -0.00058   0.0098   -0.0028    0.0023  
  -0.029     0.0071   -0.43      0.006    -0.00012   7.7       0.0006    0.0074    0.023     0.005     0.0003    0.0012   -0.0086    0.0022   -0.0029   -0.00064   0.001    -0.0016    0.0025    0.0025   -0.0033   -0.0016    0.0022   -0.0029   -0.00064 
  -0.24      0.03     -0.1       0.023    -0.0011    0.0006    0.64      0.053     0.66      0.078     0.0087    0.059    -0.055     0.015    -0.012    -0.034     0.016    -0.043    -0.11      0.015    -0.003    -0.011     0.015    -0.012    -0.034   
   0.0097   -0.55      0.26      0.06      0.019     0.0074    0.053     1.1       0.074     0.44      0.099    -0.015    -0.085    -0.028    -0.088     0.032    -0.016    -0.063     0.095    -0.031    -0.095     0.013    -0.028    -0.088     0.032   
   0.25      0.13      0.69      0.15     -0.013     0.023     0.66      0.074     6.6       0.11      0.0094   -0.42     -0.19      0.081     0.36      0.49      0.086     0.041    -0.32      0.079     0.46      0.73      0.081     0.36      0.49    
   0.017     0.078     0.14     -0.023     0.003     0.005     0.078     0.44      0.11      1.6      -0.25     -0.0046   -0.03     -0.075     0.21     -0.088     0.051     0.21     -0.074    -0.11      0.21     -0.092    -0.075     0.21     -0.088   
   0.01     -0.00026   0.024     0.0083   -0.0068    0.0003    0.0087    0.099     0.0094   -0.25      7         0.018    -0.016     0.068     0.29     -0.11      1.3       0.3      -0.067    -0.29      0.28     -0.12      0.068     0.29     -0.11    
   0.013    -0.0018    0.0043    0.0046   -0.0025    0.0012    0.059    -0.015    -0.42     -0.0046    0.018     7.7       0.0054    0.29      0.13      0.36      0.29      0.16      0.43      0.29      0.12      0.34      0.29      0.13      0.36    
  -0.012    -0.091    -0.33     -0.047    -0.011    -0.0086   -0.055    -0.085    -0.19     -0.03     -0.016     0.0054    5.3      -0.0029    0.029    -0.0021    0.0091    0.0045   -0.062    -0.0065    0.036     0.016    -0.0029    0.029    -0.0021  
  -0.0075   -0.0032    0.048    -0.014     0.0098    0.0022    0.015    -0.028     0.081    -0.075     0.068     0.29     -0.0029    0.046     0.0024    0.019     0.041    -0.0021    0.0081    0.036     0.0038    0.023     0.037     0.0024    0.019   
   0.0023   -0.016    -0.086    -0.002    -0.0028   -0.0029   -0.012    -0.088     0.36      0.21      0.29      0.13      0.029     0.0024    0.25      0.024     0.12      0.21     -0.058    -0.034     0.25      0.049     0.0024    0.24      0.024   
  -0.0082   -0.0013    0.0012   -0.0081    0.0023   -0.00064  -0.034     0.032     0.49     -0.088    -0.11      0.36     -0.0021    0.019     0.024     0.22     -0.023    -0.0096    0.13      0.032     0.034     0.24      0.019     0.024     0.21    
  -0.004     0.0093    0.014    -0.015     0.0084    0.001     0.016    -0.016     0.086     0.051     1.3       0.29      0.0091    0.041     0.12     -0.023     0.32      0.12     -0.038    -0.038     0.13     -0.019     0.041     0.12     -0.023   
  -0.0095   -0.00073  -0.032     0.0023    0.0011   -0.0016   -0.043    -0.063     0.041     0.21      0.3       0.16      0.0045   -0.0021    0.21     -0.0096    0.12      0.21     -0.019    -0.038     0.21     -0.0068   -0.0021    0.21     -0.0096  
  -0.037     0.038     0.14      0.0027    0.012     0.0025   -0.11      0.095    -0.32     -0.074    -0.067     0.43     -0.062     0.0081   -0.058     0.13     -0.038    -0.019     0.24      0.022    -0.07      0.098     0.0081   -0.058     0.13    
  -0.0086   -0.007     0.059    -0.014     0.01      0.0025    0.015    -0.031     0.079    -0.11     -0.29      0.29     -0.0065    0.036    -0.034     0.032    -0.038    -0.038     0.022     0.066    -0.033     0.035     0.036    -0.034     0.032   
   0.0058   -0.021    -0.1      -0.0033   -0.0039   -0.0033   -0.003    -0.095     0.46      0.21      0.28      0.12      0.036     0.0038    0.25      0.034     0.13      0.21     -0.07     -0.033     0.27      0.065     0.0038    0.25      0.034   
   0.00054  -0.013    -0.04     -0.011    -0.00058  -0.0016   -0.011     0.013     0.73     -0.092    -0.12      0.34      0.016     0.023     0.049     0.24     -0.019    -0.0068    0.098     0.035     0.065     0.29      0.023     0.049     0.24    
  -0.0075   -0.0032    0.048    -0.014     0.0098    0.0022    0.015    -0.028     0.081    -0.075     0.068     0.29     -0.0029    0.037     0.0024    0.019     0.041    -0.0021    0.0081    0.036     0.0038    0.023     0.046     0.0024    0.019   
   0.0023   -0.016    -0.086    -0.002    -0.0028   -0.0029   -0.012    -0.088     0.36      0.21      0.29      0.13      0.029     0.0024    0.24      0.024     0.12      0.21     -0.058    -0.034     0.25      0.049     0.0024    0.25      0.024   
  -0.0082   -0.0013    0.0012   -0.0081    0.0023   -0.00064  -0.034     0.032     0.49     -0.088    -0.11      0.36     -0.0021    0.019     0.024     0.21     -0.023    -0.0096    0.13      0.032     0.034     0.24      0.019     0.024     0.22    

EFC_POS
   0       
   0       
   0       
   0       
   0       
   0       
   0       
   0       
   0       
   0       
   0       
   0       
   0       
  -0.00057 
   0       
   0       
  -0.00034 
   0       
   0       
  -0.00064 
   0       
   0       
  -0.00057 
   0       
   0       

EFC_MARGIN
   0       
   0       
   0       
   0       
   0       
   0       
   0       
   0       
   0       
   0       
   0       
   0       
   0       
   0       
   0       
   0       
   0       
   0       
   0       
   0       
   0       
   0       
   0       
   0       
   0       

EFC_FRICTIONLOSS
   5       
   5       
   2       
   3       
   2       
   2       
   5       
   5       
   2       
   3       
   2       
   2       
   5       
   0       
   0       
   0       
   0       
   0       
   0       
   0       
   0       
   0       
   0       
   0       
   0       

EFC_DIAGAPPROX
   0.48    
   1.1     
   8.7     
   1.4     
   6.3     
   6.9     
   0.48    
   1.1     
   8.7     
   1.4     
   6.3     
   6.9     
   4.8     
   0.12    
   0.12    
   0.12    
   0.12    
   0.12    
   0.12    
   0.12    
   0.12    
   0.12    
   0.12    
   0.12    
   0.12    

EFC_KBIP
   0         1.1e+02   0.9       0       
   0         1.1e+02   0.9       0       
   0         1.1e+02   0.9       0       
   0         1.1e+02   0.9       0       
   0         1.1e+02   0.9       0       
   0         1.1e+02   0.9       0       
   0         1.1e+02   0.9       0       
   0         1.1e+02   0.9       0       
   0         1.1e+02   0.9       0       
   0         1.1e+02   0.9       0       
   0         1.1e+02   0.9       0       
   0         1.1e+02   0.9       0       
   0         1.1e+02   0.9       0       
   2.8e+03   1.1e+02   0.93     -85      
   0         1.1e+02   0.93     -85      
   0         1.1e+02   0.93     -85      
   2.8e+03   1.1e+02   0.91     -69      
   0         1.1e+02   0.91     -69      
   0         1.1e+02   0.91     -69      
   2.8e+03   1.1e+02   0.94     -71      
   0         1.1e+02   0.94     -71      
   0         1.1e+02   0.94     -71      
   2.8e+03   1.1e+02   0.93     -85      
   0         1.1e+02   0.93     -85      
   0         1.1e+02   0.93     -85      

EFC_D
   19      
   8.5     
   1       
   6.5     
   1.4     
   1.3     
   19      
   8.4     
   1       
   6.5     
   1.4     
   1.3     
   1.9     
   1.1e+02 
   1.1e+02 
   1.1e+02 
   83      
   83      
   83      
   1.2e+02 
   1.2e+02 
   1.2e+02 
   1.1e+02 
   1.1e+02 
   1.1e+02 

EFC_R
   0.053   
   0.12    
   0.97    
   0.15    
   0.7     
   0.77    
   0.053   
   0.12    
   0.97    
   0.15    
   0.7     
   0.77    
   0.53    
   0.009   
   0.009   
   0.009   
   0.012   
   0.012   
   0.012   
   0.0083  
   0.0083  
   0.0083  
   0.009   
   0.009   
   0.009   

ACTUATOR_VELOCITY
   0.15    
   0.52    
  -0.026   
   0.35    
   0.076   
   0.056   
  -0.18    
   0.33    
   0.04    
   0.059   
   0.21    
   0.00044 
   4.7e-05 

CVEL
   0         0         0         0         0         0       
  -0.16     -0.22      0.064     0.14      0.22      0.014   
  -0.085    -0.088     0.059     0.1       0.24      0.013   
   0.36     -0.36      0.093     0.17      0.35      0.03    
   0.36     -0.36      0.12      0.17      0.35      0.031   
   0.059    -0.17      0.097     0.2       0.4       0.034   
  -0.0054   -0.13      0.092     0.22      0.43      0.016   
   0.024    -0.088     0.078     0.25      0.41      0.012   
  -0.074    -0.069     0.058     0.1       0.24      0.013   
  -0.36      0.1       0.072     0.058     0.18      0.0026  
  -0.35      0.12      0.035     0.058     0.18      0.0042  
  -0.3       0.095     0.036     0.055     0.17      0.00075 
  -0.097     0.015     0.042     0.0095    0.059     6.6e-05 
  -0.097     0.016     0.042     0.0097    0.059     0.00012 
  -0.16     -0.22      0.064     0.14      0.22      0.014   

CDOF_DOT
   0         0         0         0         0         0       
   0         0         0         0         0         0       
   0         0         0         0         0         0       
  -0         0         0        -0.021     0.01     -0.062   
  -0         0         0        -0.014    -0.0095    0.27    
   0        -0         0         0.26     -0.085     0.0046  
  -0.047     0.028    -0.027    -0.026    -0.0019   -0.064   
   0.025     0.056     0.12      0.0075    0.015    -0.27    
   0.33      0.37      0.11     -0.33      0.17     -0.087   
  -0.041    -0.078    -0.12     -0.057    -0.0084    0.47    
  -0.041    -0.078    -0.12     -0.042     0.025     0.52    
  -0.041     0.047     0.066    -0.081     0.1       0.014   
   0.047    -0.028     0.027     0.026     0.0019    0.064   
  -0.033    -0.047    -0.097     0.017    -0.025     0.27    
  -0.12     -0.32     -0.14     -0.17      0.069    -0.049   
   0.016     0.041     0.022     0.0043   -0.02     -0.13    
   0.016     0.041     0.022     0.024    -0.0093   -0.0035  
  -0.039     0.016    -0.096     0.011     0.035    -0.0007  
  -0.22      0.16     -0.0079    0.22     -0.14     -0.0043  

QFRC_BIAS
  -0.32    
  -0.47    
   5.9e+02 
  -3       
  -19      
  -0.66    
   23      
  -1.8     
  -1.2     
   11      
  -0.76    
  -0.072   
   26      
  -20      
  -0.33    
   0.97    
   1.2     
  -0.16    
   0.0049  

QFRC_SPRING
   0       
   0       
   0       
   0       
   0       
   0       
   0       
   0       
   0       
   0       
   0       
   0       
   0       
   0       
   0       
   0       
   0       
   0       
   0       

QFRC_DAMPER
   0       
   0       
   0       
   0       
   0       
   0       
  -0.38    
  -1.3     
   0.026   
  -0.71    
  -0.076   
  -0.056   
   0.44    
  -0.83    
  -0.04    
  -0.12    
  -0.21    
  -0.00044 
  -0.00012 

QFRC_GRAVCOMP
   0       
   0       
   0       
   0       
   0       
   0       
   0       
   0       
   0       
   0       
   0       
   0       
   0       
   0       
   0       
   0       
   0       
   0       
   0       

QFRC_FLUID
   0       
   0       
   0       
   0       
   0       
   0       
   0       
   0       
   0       
   0       
   0       
   0       
   0       
   0       
   0       
   0       
   0       
   0       
   0       

QFRC_PASSIVE
   0       
   0       
   0       
   0       
   0       
   0       
  -0.38    
  -1.3     
   0.026   
  -0.71    
  -0.076   
  -0.056   
   0.44    
  -0.83    
  -0.04    
  -0.12    
  -0.21    
  -0.00044 
  -0.00012 

EFC_VEL
   0.15    
   0.52    
  -0.026   
   0.35    
   0.076   
   0.056   
  -0.18    
   0.33    
   0.04    
   0.059   
   0.21    
   0.00044 
   4.7e-05 
   0.00065 
  -0.00042 
  -0.00029 
  -0.018   
   0.0027  
   0.0074  
   0.0064  
  -0.0014  
  -0.0026  
   0.00065 
  -0.00042 
  -0.00029 

EFC_AREF
  -16      
  -55      
   2.7     
  -37      
  -8       
  -5.9     
   18      
  -35      
  -4.2     
  -6.2     
  -23      
  -0.047   
  -0.0049  
   1.4     
   0.045   
   0.03    
   2.8     
  -0.28    
  -0.78    
   1       
   0.14    
   0.27    
   1.4     
   0.045   
   0.03    

SUBTREE_LINVEL
   0         0         0       
   0         0         0       
   0         0         0       
   0         0         0       
   0         0         0       
   0         0         0       
   0         0         0       
   0         0         0       
   0         0         0       
   0         0         0       
   0         0         0       
   0         0         0       
   0         0         0       
   0         0         0       
   0         0         0       

SUBTREE_ANGMOM
   0         0         0       
   0         0         0       
   0         0         0       
   0         0         0       
   0         0         0       
   0         0         0       
   0         0         0       
   0         0         0       
   0         0         0       
   0         0         0       
   0         0         0       
   0         0         0       
   0         0         0       
   0         0         0       
   0         0         0       

ACTUATOR_FORCE
   48      
   52      
   5.6     
  -13      
  -0.74    
   1.7     
   28      
   49      
  -35      
   0.23    
  -7       
  -30      
  -0.33    

QFRC_ACTUATOR
   0       
   0       
   0       
   0       
   0       
   0       
   48      
   52      
   5.6     
  -13      
  -0.74    
   1.7     
   28      
   49      
  -35      
   0.23    
  -7       
  -30      
  -0.33    

QFRC_SMOOTH
   0.32    
   0.47    
  -5.9e+02 
   3       
   19      
   0.66    
   25      
   53      
   6.8     
  -24      
  -0.064   
   1.8     
   1.6     
   69      
  -35      
  -0.86    
  -8.4     
  -30      
  -0.33    

QACC_SMOOTH
   1.4     
  -0.91    
  -8.7     
   1.2     
   3.7     
   21      
   10      
   17      
  -3.9     
   1.8     
   4.5     
   7.7     
  -17      
   21      
  -1.4e+02 
   28      
  -41      
  -1.9e+02 
  -7       

EFC_B
   26      
   72      
  -6.7     
   39      
   13      
   14      
  -35      
   56      
  -1.4e+02 
   34      
  -18      
  -1.9e+02 
  -7       
  -24      
  -24      
  -27      
  -33      
  -13      
   2       
  -22      
  -28      
  -35      
  -24      
  -24      
  -27      

EFC_FORCE
  -5       
  -5       
  -0.38    
  -3       
  -2       
  -2       
   5       
  -5       
  -2       
   0.012   
  -2       
   1.4     
   0.12    
   1.5e+02 
   20      
   22      
   71      
  -14      
  -55      
   1.8e+02 
   34      
   55      
   1.5e+02 
   19      
   21      

EFC_STATE
  3
  3
  1
  3
  3
  3
  2
  3
  3
  1
  3
  1
  1
  0
  0
  0
  0
  0
  0
  0
  0
  0
  0
  0
  0

QFRC_CONSTRAINT
  -42      
   59      
   5.6e+02 
   9.1     
  -62      
  -9.9     
  -5       
  -5       
  -0.38    
  -3       
  -2       
  -2       
  -4.1     
  -67      
   35      
  -3.2     
   10      
   29      
   0.12    

QFRC_INVERSE
   0       
   0       
   0       
   0       
   0       
   0       
   0       
   0       
   0       
   0       
   0       
   0       
   0       
   0       
   0       
   0       
   0       
   0       
   0       

CACC
   0         0         0        -0        -0         9.8     
  -2.7      -1.3      -3.3      -1.1      -1.3       9.2     
  -0.72      2        -3.4      -1.8      -0.79      9.2     
   5.3      -1.6      -2.9      -0.98      0.67      9.3     
   5.7      -1.2      -5.5      -1.2       0.44      9.2     
   18       -8.6      -4.7      -2.4      -1.5       9.3     
   20       -10       -4.5      -3.4      -2.9       10      
   18       -15       -3.2      -5.8      -1.3       11      
  -1.8       0.26     -3.3      -1.4      -1         9.2     
   3.1      -2.8      -3.6      -0.69      0.13      9.5     
   3.3      -2.4      -4.6      -0.69      0.25      9.5     
  -2.4      -0.13     -4.7      -0.34      1.1       9.9     
   8.2      -4.4      -4.4      -2.8      -4.9       9.8     
   8.2      -4.5      -4.4      -2.8      -4.9       9.8     
  -2.7      -1.3      -3.3      -1.1      -1.3       9.2     

CFRC_INT
   3.6e-14  -2.8e-14   8.9e-16   3.7e-14   5.7e-14  -5.7e-14 
   3.6e-14  -2.8e-14   8.9e-16   3.7e-14   5.7e-14  -5.7e-14 
   36        14       -8        -3.7       69        2.1e+02 
   36        14       -8        -2         70        2e+02   
   32        7.8      -8.3       5.7       69        1.3e+02 
   27        4.3      -8         9         63        82      
   12       -1        -3.4       5.7       24        14      
   11       -1.1      -3.2       5.5       22        13      
  -32       -6.5       8.6       26       -69       -3.3e+02 
  -32       -5.9       8.7       28       -69       -3.4e+02 
  -29        2.5       10        37       -63       -4e+02   
  -30        8.8       10        40       -62       -4.5e+02 
  -31        19        11        42       -60       -5.3e+02 
  -30        19        11        42       -60       -5.3e+02 
  -3.1      -6.7      -0.42     -14        2.9       70      

CFRC_EXT
   0         0         0         0         0         0       
   0         0         0         0         0         0       
   0         0         0         0         0         0       
   0         0         0         0         0         0       
   0         0         0         0         0         0       
   0         0         0         0         0         0       
   0         0         0         0         0         0       
   0         0         0         0         0         0       
   0         0         0         0         0         0       
   0         0         0         0         0         0       
   0         0         0         0         0         0       
   0         0         0         0         0         0       
   0         0         0         0         0         0       
   30       -23       -11       -42        59        5.6e+02 
   0         0         0         0         0         0       

DOF_ISLAND            0 0 0 0 0 0 0 0 0 0 0 0 0 0 0 0 0 0 0

ISLAND_NV             19

ISLAND_IDOFADR        0

MAP_IDOF2DOF          0 1 2 3 4 5 6 7 8 9 10 11 12 13 14 15 16 17 18

EFC_ISLAND            0 0 0 0 0 0 0 0 0 0 0 0 0 0 0 0 0 0 0 0 0 0 0 0 0

ISLAND_NEFC           25

ISLAND_IEFCADR        0

MAP_IEFC2EFC          0 1 2 3 4 5 6 7 8 9 10 11 12 13 14 15 16 17 18 19 20 21 22 23 24

